AccountNumber,FulfillerPriceCategoryIndicator,,
ACCT0000006,1,,
ACCT0000011,1,,
ACCT0000026,2,,
ACCT0000029,1,,
ACCT0000034,1,,
ACCT0000045,3,,
ACCT0000046,3,,
ACCT0000051,2,,
ACCT0000055,1,,
ACCT0000058,1,,
ACCT0000060,3,,
ACCT0000069,2,,
ACCT0000070,2,,
ACCT0000083,2,,
ACCT0000084,2,,
ACCT0000108,2,,
ACCT0000114,3,,
ACCT0000118,2,,
ACCT0000119,3,,
ACCT0000129,2,,
ACCT0000130,2,,
ACCT0000138,3,,
ACCT0000144,1,,
ACCT0000151,2,,
ACCT0000163,3,,
ACCT0000170,3,,
ACCT0000173,2,,
ACCT0000175,3,,
ACCT0000179,2,,
ACCT0000181,2,,
ACCT0000184,1,,
ACCT0000186,2,,
ACCT0000188,3,,
ACCT0000193,3,,
ACCT0000199,2,,
ACCT0000211,3,,
ACCT0000214,3,,
ACCT0000226,2,,
ACCT0000231,3,,
ACCT0000238,3,,
ACCT0000246,2,,
ACCT0000248,1,,
ACCT0000251,2,,
ACCT0000252,2,,
ACCT0000257,2,,
ACCT0000262,2,,
ACCT0000268,3,,
ACCT0000273,3,,
ACCT0000278,1,,
ACCT0000283,3,,
ACCT0000285,1,,
ACCT0000288,2,,
ACCT0000298,3,,
ACCT0000302,3,,
ACCT0000306,1,,
ACCT0000307,2,,
ACCT0000309,2,,
ACCT0000312,2,,
ACCT0000318,1,,
ACCT0000345,2,,
ACCT0000360,2,,
ACCT0000371,2.00E+00,,
ACCT0000377,2,,
ACCT0000380,1,,
ACCT0000381,2,,
ACCT0000384,2,,
ACCT0000387,2,,
ACCT0000388,2,,
ACCT0000390,3,,
ACCT0000391,2,,
ACCT0000410,2,,
ACCT0000423,2,,
ACCT0000431,2,,
ACCT0000436,2,,
ACCT0000446,2,,
ACCT0000465,2,,
ACCT0000484,1,,
ACCT0000486,2,,
ACCT0000487,2,,
ACCT0000503,3,,
ACCT0000504,1,,
ACCT0000512,3,,
ACCT0000525,2,,
ACCT0000538,1,,
ACCT0000544,2,,
ACCT0000545,3,,
ACCT0000552,2,,
ACCT0000556,1,,
ACCT0000562,3,,
ACCT0000570,1,,
ACCT0000572,2,,
ACCT0000582,3,,
ACCT0000588,3,,
ACCT0000596,1,,
ACCT0000606,3,,
ACCT0000607,2,,
ACCT0000621,2,,
ACCT0000626,1,,
ACCT0000634,1,,
ACCT0000636,3,,
ACCT0000637,3,,
ACCT0000638,1,,
ACCT0000639,1,,
ACCT0000640,2,,
ACCT0000647,2,,
ACCT0000659,2,,
ACCT0000669,3,,
ACCT0000670,2,,
ACCT0000671,3,,
ACCT0000675,3,,
ACCT0000686,2,,
ACCT0000696,2,,
ACCT0000698,2,,
ACCT0000699,1,,
ACCT0000702,2,,
ACCT0000706,2,,
ACCT0000708,3,,
ACCT0000721,3,,
ACCT0000729,3,,
ACCT0000738,3,,
ACCT0000741,3,,
ACCT0000749,1,,
ACCT0000753,1,,
ACCT0000761,2,,
ACCT0000767,2,,
ACCT0000776,3,,
ACCT0000778,2,,
ACCT0000781,2,,
ACCT0000782,2,,
ACCT0000785,2,,
ACCT0000787,3,,
ACCT0000788,2,,
ACCT0000817,2,,
ACCT0000831,2,,
ACCT0000853,2,,
ACCT0000854,2,,
ACCT0000862,1,,
ACCT0000863,2,,
ACCT0000866,3,,
ACCT0000873,1,,
ACCT0000880,2,,
ACCT0000893,2,,
ACCT0000894,3.00E+00,,
ACCT0000906,1,,
ACCT0000912,2,,
ACCT0000917,1,,
ACCT0000918,2,,
ACCT0000923,3,,
ACCT0000924,3,,
ACCT0000934,2,,
ACCT0000945,2,,
ACCT0000962,3,,
ACCT0000963,3.00E+00,,
ACCT0000965,3,,
ACCT0000970,3,,
ACCT0000973,2,,
ACCT0000975,3,,
ACCT0000982,3,,
ACCT0000987,3,,
ACCT0000988,3,,
ACCT0000989,3,,
ACCT0000993,3,,
ACCT0000994,3,,
ACCT0000998,2,,
ACCT0001000,3,,
ACCT0001003,3,,
ACCT0001004,3,,
ACCT0001005,3,,
ACCT0001006,2,,
ACCT0001012,2,,
ACCT0001022,3,,
ACCT0001033,2,,
ACCT0001034,3,,
ACCT0001035,3,,
ACCT0001039,3,,
ACCT0001047,1,,
ACCT0001050,2,,
ACCT0001057,2,,
ACCT0001059,3,,
ACCT0001060,1,,
ACCT0001066,1,,
ACCT0001067,1,,
ACCT0001072,1,,
ACCT0001074,1,,
ACCT0001079,2,,
ACCT0001080,2,,
ACCT0001086,3,,
ACCT0001092,2,,
ACCT0001107,2,,
ACCT0001125,3,,
ACCT0001144,3,,
ACCT0001149,2,,
ACCT0001152,3,,
ACCT0001153,3,,
ACCT0001154,1,,
ACCT0001159,3,,
ACCT0001162,2,,
ACCT0001179,2,,
ACCT0001182,2,,
ACCT0001184,2,,
ACCT0001215,3,,
ACCT0001222,3,,
ACCT0001223,3,,
ACCT0001228,1,,
ACCT0001230,3,,
ACCT0001241,1,,
ACCT0001244,2,,
ACCT0001250,2,,
ACCT0001257,3,,
ACCT0001277,3,,
ACCT0001285,2,,
ACCT0001290,2,,
ACCT0001291,2,,
ACCT0001298,2,,
ACCT0001300,1,,
ACCT0001329,3,,
ACCT0001336,3,,
ACCT0001348,2,,
ACCT0001353,2,,
ACCT0001365,1,,
ACCT0001379,3,,
ACCT0001381,3,,
ACCT0001391,3,,
ACCT0001417,2,,
ACCT0001421,3,,
ACCT0001424,3,,
ACCT0001425,2,,
ACCT0001432,3,,
ACCT0001433,1,,
ACCT0001436,3,,
ACCT0001439,2,,
ACCT0001440,2,,
ACCT0001448,1,,
ACCT0001452,3,,
ACCT0001453,3,,
ACCT0001456,3,,
ACCT0001467,3,,
ACCT0001469,2,,
ACCT0001471,3,,
ACCT0001472,2,,
ACCT0001475,2,,
ACCT0001476,1,,
ACCT0001483,3,,
ACCT0001494,3,,
ACCT0001495,2,,
ACCT0001506,1,,
ACCT0001507,2,,
ACCT0001509,3,,
ACCT0001511,3,,
ACCT0001513,2,,
ACCT0001514,3,,
ACCT0001522,3,,
ACCT0001528,2,,
ACCT0001531,3,,
ACCT0001533,2,,
ACCT0001534,2,,
ACCT0001539,3,,
ACCT0001540,2,,
ACCT0001551,3,,
ACCT0001567,2,,
ACCT0001573,2,,
ACCT0001577,2,,
ACCT0001584,3,,
ACCT0001596,3,,
ACCT0001603,3,,
ACCT0001615,3,,
ACCT0001623,3,,
ACCT0001624,1,,
ACCT0001630,2,,
ACCT0001631,2,,
ACCT0001632,3,,
ACCT0001633,2,,
ACCT0001635,3,,
ACCT0001647,3,,
ACCT0001650,3,,
ACCT0001661,1,,
ACCT0001662,2,,
ACCT0001671,3,,
ACCT0001675,2,,
ACCT0001678,3,,
ACCT0001681,2,,
ACCT0001692,2,,
ACCT0001694,2,,
ACCT0001696,2,,
ACCT0001700,2,,
ACCT0001704,2,,
ACCT0001708,3,,
ACCT0001721,2,,
ACCT0001722,3,,
ACCT0001731,1,,
ACCT0001737,3,,
ACCT0001738,3,,
ACCT0001754,3,,
ACCT0001755,3,,
ACCT0001766,1,,
ACCT0001772,2,,
ACCT0001775,3,,
ACCT0001779,3,,
ACCT0001789,1,,
ACCT0001792,3,,
ACCT0001793,3,,
ACCT0001835,3,,
ACCT0001836,2,,
ACCT0001839,1.00E+00,,
ACCT0001840,2,,
ACCT0001841,2,,
ACCT0001845,2,,
ACCT0001846,1,,
ACCT0001847,3,,
ACCT0001852,1,,
ACCT0001875,3,,
ACCT0001908,2,,
ACCT0001923,3,,
ACCT0001931,2,,
ACCT0001955,2,,
ACCT0001957,2,,
ACCT0001975,1,,
ACCT0001981,2,,
ACCT0002017,2,,
ACCT0002020,1,,
ACCT0002025,3,,
ACCT0002028,3,,
ACCT0002037,2,,
ACCT0002044,2,,
ACCT0002049,2,,
ACCT0002052,2,,
ACCT0002065,3,,
ACCT0002079,2,,
ACCT0002096,2,,
ACCT0002102,2,,
ACCT0002104,2.00E+00,,
ACCT0002141,3,,
ACCT0002166,2,,
ACCT0002183,3,,
ACCT0002189,2,,
ACCT0002192,2,,
ACCT0002195,2,,
ACCT0002209,3,,
ACCT0002230,3.00E+00,,
ACCT0002237,3,,
ACCT0002241,3,,
ACCT0002245,3,,
ACCT0002250,1,,
ACCT0002261,1,,
ACCT0002283,3,,
ACCT0002290,2,,
ACCT0002291,3,,
ACCT0002308,2,,
ACCT0002313,3,,
ACCT0002317,2,,
ACCT0002328,2,,
ACCT0002329,3,,
ACCT0002330,3,,
ACCT0002332,3,,
ACCT0002340,1,,
ACCT0002342,2,,
ACCT0002351,3,,
ACCT0002354,2,,
ACCT0002355,2,,
ACCT0002357,2,,
ACCT0002373,3,,
ACCT0002376,3,,
ACCT0002377,2,,
ACCT0002381,2,,
ACCT0002384,3,,
ACCT0002385,2,,
ACCT0002387,2,,
ACCT0002390,3,,
ACCT0002404,2,,
ACCT0002410,3,,
ACCT0002414,1,,
ACCT0002431,3,,
ACCT0002437,1,,
ACCT0002453,2,,
ACCT0002463,2.00E+00,,
ACCT0002468,3,,
ACCT0002469,2,,
ACCT0002491,2,,
ACCT0002492,2,,
ACCT0002499,2.00E+00,,
ACCT0002516,3,,
ACCT0002533,2,,
ACCT0002564,2,,
ACCT0002577,1,,
ACCT0002581,2,,
ACCT0002583,2,,
ACCT0002584,1,,
ACCT0002592,3,,
ACCT0002606,2,,
ACCT0002629,1,,
ACCT0002646,3,,
ACCT0002649,3,,
ACCT0002651,3,,
ACCT0002665,2,,
ACCT0002678,2,,
ACCT0002681,1,,
ACCT0002683,2,,
ACCT0002693,2,,
ACCT0002695,2,,
ACCT0002717,2,,
ACCT0002750,2,,
ACCT0002766,1,,
ACCT0002818,2,,
ACCT0002829,1,,
ACCT0002843,2.00E+00,,
ACCT0002847,2,,
ACCT0002884,3,,
ACCT0002887,3,,
ACCT0002932,2,,
ACCT0002940,2,,
ACCT0002957,3,,
ACCT0002993,3,,
ACCT0003009,2,,
ACCT0003010,3,,
ACCT0003015,2,,
ACCT0003016,1,,
ACCT0003020,3,,
ACCT0003022,2,,
ACCT0003031,2,,
ACCT0003037,3,,
ACCT0003049,2,,
ACCT0003058,1,,
ACCT0003069,2,,
ACCT0003093,3,,
ACCT0003100,2,,
ACCT0003102,2,,
ACCT0003110,2,,
ACCT0003122,2,,
ACCT0003128,2,,
ACCT0003162,3,,
ACCT0003193,2,,
ACCT0003198,1,,
ACCT0003222,3,,
ACCT0003234,1,,
ACCT0003236,2,,
ACCT0003258,1,,
ACCT0003291,2,,
ACCT0003315,2,,
ACCT0003320,1.00E+00,,
ACCT0003339,2,,
ACCT0003342,3,,
ACCT0003350,2,,
ACCT0003353,3,,
ACCT0003355,2,,
ACCT0003377,3,,
ACCT0003413,2,,
ACCT0003438,3,,
ACCT0003439,2,,
ACCT0003473,3,,
ACCT0003475,1,,
ACCT0003498,3,,
ACCT0003499,3,,
ACCT0003500,2,,
ACCT0003505,3,,
ACCT0003509,3,,
ACCT0003511,1,,
ACCT0003514,1,,
ACCT0003519,3,,
ACCT0003522,3,,
ACCT0003523,3,,
ACCT0003533,2,,
ACCT0003536,3,,
ACCT0003549,3,,
ACCT0003554,2,,
ACCT0003555,2,,
ACCT0003563,1,,
ACCT0003566,3,,
ACCT0003567,3,,
ACCT0003571,1,,
ACCT0003573,3,,
ACCT0003580,3,,
ACCT0003583,3,,
ACCT0003587,2,,
ACCT0003590,2,,
ACCT0003594,2,,
ACCT0003602,3,,
ACCT0003606,2,,
ACCT0003607,1,,
ACCT0003609,2,,
ACCT0003617,2,,
ACCT0003621,2,,
ACCT0003627,1,,
ACCT0003629,2,,
ACCT0003637,1,,
ACCT0003641,1,,
ACCT0003648,1,,
ACCT0003649,3,,
ACCT0003653,2,,
ACCT0003661,2,,
ACCT0003666,2,,
ACCT0003679,3,,
ACCT0003682,3,,
ACCT0003693,2,,
ACCT0003702,2,,
ACCT0003717,2,,
ACCT0003718,1,,
ACCT0003735,3,,
ACCT0003749,3,,
ACCT0003753,3,,
ACCT0003775,1,,
ACCT0003776,2,,
ACCT0003779,2,,
ACCT0003781,3,,
ACCT0003791,3,,
ACCT0003798,2,,
ACCT0003852,3,,
ACCT0003875,2,,
ACCT0003892,2,,
ACCT0003897,3,,
ACCT0003926,3,,
ACCT0003934,2,,
ACCT0003943,2,,
ACCT0003956,2,,
ACCT0003977,2,,
ACCT0003996,2,,
ACCT0004007,2,,
ACCT0004014,1,,
ACCT0004016,2,,
ACCT0004018,2,,
ACCT0004023,3,,
ACCT0004027,2,,
ACCT0004029,2,,
ACCT0004034,2,,
ACCT0004036,2,,
ACCT0004040,2,,
ACCT0004043,3,,
ACCT0004045,3,,
ACCT0004046,3,,
ACCT0004047,3,,
ACCT0004048,2,,
ACCT0004049,2,,
ACCT0004050,2,,
ACCT0004064,3,,
ACCT0004066,3,,
ACCT0004067,3,,
ACCT0004080,2,,
ACCT0004083,3,,
ACCT0004084,2,,
ACCT0004094,2,,
ACCT0004109,1,,
ACCT0004125,3,,
ACCT0004129,3,,
ACCT0004149,2,,
ACCT0004159,2,,
ACCT0004187,2,,
ACCT0004193,1,,
ACCT0004196,2,,
ACCT0004200,3,,
ACCT0004231,3,,
ACCT0004236,3,,
ACCT0004240,3,,
ACCT0004249,2,,
ACCT0004250,3,,
ACCT0004251,3,,
ACCT0004253,3,,
ACCT0004265,3,,
ACCT0004278,2,,
ACCT0004282,3,,
ACCT0004284,1,,
ACCT0004286,1,,
ACCT0004294,2,,
ACCT0004300,1,,
ACCT0004305,2,,
ACCT0004306,1,,
ACCT0004307,3,,
ACCT0004315,2,,
ACCT0004321,3,,
ACCT0004330,2,,
ACCT0004333,2,,
ACCT0004337,1,,
ACCT0004338,2,,
ACCT0004341,3,,
ACCT0004354,3,,
ACCT0004358,2,,
ACCT0004362,1,,
ACCT0004363,2,,
ACCT0004370,3,,
ACCT0004375,3,,
ACCT0004379,2,,
ACCT0004382,1,,
ACCT0004391,2,,
ACCT0004393,3,,
ACCT0004395,2,,
ACCT0004396,2,,
ACCT0004400,3,,
ACCT0004401,2,,
ACCT0004409,3,,
ACCT0004412,1,,
ACCT0004416,3,,
ACCT0004428,1,,
ACCT0004452,2,,
ACCT0004453,1,,
ACCT0004457,1,,
ACCT0004458,3,,
ACCT0004459,2,,
ACCT0004461,3,,
ACCT0004464,1,,
ACCT0004469,3,,
ACCT0004471,2,,
ACCT0004475,2,,
ACCT0004482,2,,
ACCT0004487,2,,
ACCT0004503,2,,
ACCT0004514,3,,
ACCT0004523,2,,
ACCT0004525,3,,
ACCT0004533,1,,
ACCT0004535,1,,
ACCT0004550,3,,
ACCT0004558,2,,
ACCT0004565,2,,
ACCT0004568,2,,
ACCT0004574,1,,
ACCT0004581,3,,
ACCT0004584,2,,
ACCT0004586,1,,
ACCT0004600,2,,
ACCT0004618,3,,
ACCT0004632,1,,
ACCT0004633,3,,
ACCT0004661,2,,
ACCT0004664,3,,
ACCT0004670,1,,
ACCT0004684,2,,
ACCT0004686,2,,
ACCT0004687,3,,
ACCT0004699,2,,
ACCT0004702,1,,
ACCT0004707,1,,
ACCT0004726,1,,
ACCT0004735,1,,
ACCT0004744,1,,
ACCT0004748,3,,
ACCT0004751,3,,
ACCT0004753,2,,
ACCT0004754,1,,
ACCT0004755,1,,
ACCT0004756,2,,
ACCT0004769,3.00E+00,,
ACCT0004772,2,,
ACCT0004781,3,,
ACCT0004784,2,,
ACCT0004798,3,,
ACCT0004799,2,,
ACCT0004803,3,,
ACCT0004826,2,,
ACCT0004838,1,,
ACCT0004839,1,,
ACCT0004842,3,,
ACCT0004849,3,,
ACCT0004855,3,,
ACCT0004866,2,,
ACCT0004868,2,,
ACCT0004870,1,,
ACCT0004879,2,,
ACCT0004888,3,,
ACCT0004892,3,,
ACCT0004897,2,,
ACCT0004901,3,,
ACCT0004902,3,,
ACCT0004905,2,,
ACCT0004906,3,,
ACCT0004908,1,,
ACCT0004909,3,,
ACCT0004911,2,,
ACCT0004916,2,,
ACCT0004919,3,,
ACCT0004932,3,,
ACCT0004936,3,,
ACCT0004940,1,,
ACCT0004941,3,,
ACCT0004944,2,,
ACCT0004952,3,,
ACCT0004957,1,,
ACCT0004960,3,,
ACCT0004962,2,,
ACCT0004965,3,,
ACCT0004967,3,,
ACCT0004969,2,,
ACCT0004976,2,,
ACCT0004990,3,,
ACCT0005006,1,,
ACCT0005017,3,,
ACCT0005021,3,,
ACCT0005022,2,,
ACCT0005029,3,,
ACCT0005041,1,,
ACCT0005044,2,,
ACCT0005053,1,,
ACCT0005058,3,,
ACCT0005065,2,,
ACCT0005071,1,,
ACCT0005074,2,,
ACCT0005083,3,,
ACCT0005087,2,,
ACCT0005097,3,,
ACCT0005098,3,,
ACCT0005102,1,,
ACCT0005108,3,,
ACCT0005111,1,,
ACCT0005114,3,,
ACCT0005116,2,,
ACCT0005124,1,,
ACCT0005141,2,,
ACCT0005144,3,,
ACCT0005146,3,,
ACCT0005148,3,,
ACCT0005154,1,,
ACCT0005164,2,,
ACCT0005165,3,,
ACCT0005170,2,,
ACCT0005176,3,,
ACCT0005178,1,,
ACCT0005190,3,,
ACCT0005194,1,,
ACCT0005200,2,,
ACCT0005204,1,,
ACCT0005209,2,,
ACCT0005221,2,,
ACCT0005231,3,,
ACCT0005233,2,,
ACCT0005241,2,,
ACCT0005246,2,,
ACCT0005260,3,,
ACCT0005271,2,,
ACCT0005275,2,,
ACCT0005276,3,,
ACCT0005277,1,,
ACCT0005278,1,,
ACCT0005281,3,,
ACCT0005286,1,,
ACCT0005287,2,,
ACCT0005291,1,,
ACCT0005310,3,,
ACCT0005311,2,,
ACCT0005316,1,,
ACCT0005323,1,,
ACCT0005326,1,,
ACCT0005330,1,,
ACCT0005345,2,,
ACCT0005347,2,,
ACCT0005350,1,,
ACCT0005351,2,,
ACCT0005352,2,,
ACCT0005373,1,,
ACCT0005378,2,,
ACCT0005381,2,,
ACCT0005388,3,,
ACCT0005396,3,,
ACCT0005413,2,,
ACCT0005415,2,,
ACCT0005420,2,,
ACCT0005425,3,,
ACCT0005428,3,,
ACCT0005429,3,,
ACCT0005432,3,,
ACCT0005436,3,,
ACCT0005438,3,,
ACCT0005440,2,,
ACCT0005443,3,,
ACCT0005456,1,,
ACCT0005469,3,,
ACCT0005472,1,,
ACCT0005478,2,,
ACCT0005491,3,,
ACCT0005506,1,,
ACCT0005507,1,,
ACCT0005525,2,,
ACCT0005531,3,,
ACCT0005533,2,,
ACCT0005535,3,,
ACCT0005537,2,,
ACCT0005545,1,,
ACCT0005550,2,,
ACCT0005556,2,,
ACCT0005560,1,,
ACCT0005561,1,,
ACCT0005566,3,,
ACCT0005571,2,,
ACCT0005585,2,,
ACCT0005593,1,,
ACCT0005594,1,,
ACCT0005595,1,,
ACCT0005596,2,,
ACCT0005598,3,,
ACCT0005600,3.00E+00,,
ACCT0005602,1,,
ACCT0005603,1,,
ACCT0005604,1,,
ACCT0005606,2,,
ACCT0005607,3,,
ACCT0005624,3,,
ACCT0005630,2,,
ACCT0005645,2,,
ACCT0005646,2,,
ACCT0005650,2,,
ACCT0005661,1,,
ACCT0005663,1,,
ACCT0005668,2,,
ACCT0005673,3,,
ACCT0005684,2,,
ACCT0005693,1,,
ACCT0005695,3,,
ACCT0005707,2.00E+00,,
ACCT0005712,3,,
ACCT0005722,1,,
ACCT0005725,2,,
ACCT0005726,1,,
ACCT0005737,3,,
ACCT0005739,3,,
ACCT0005742,3,,
ACCT0005751,1,,
ACCT0005752,2,,
ACCT0005759,3,,
ACCT0005760,2,,
ACCT0005766,3,,
ACCT0005767,3,,
ACCT0005769,2,,
ACCT0005773,2,,
ACCT0005775,1,,
ACCT0005778,2,,
ACCT0005785,1,,
ACCT0005788,2,,
ACCT0005795,2,,
ACCT0005796,2,,
ACCT0005806,2,,
ACCT0005817,1.00E+00,,
ACCT0005819,1,,
ACCT0005821,3,,
ACCT0005824,1.00E+00,,
ACCT0005825,1,,
ACCT0005830,3,,
ACCT0005831,3,,
ACCT0005837,3,,
ACCT0005838,2,,
ACCT0005848,1,,
ACCT0005869,1,,
ACCT0005872,3,,
ACCT0005885,3,,
ACCT0005896,2,,
ACCT0005899,3,,
ACCT0005906,2,,
ACCT0005919,2,,
ACCT0005931,3,,
ACCT0005937,2,,
ACCT0005940,2,,
ACCT0005941,2,,
ACCT0005951,2,,
ACCT0005955,2,,
ACCT0005961,1,,
ACCT0005970,1,,
ACCT0005972,3,,
ACCT0005976,3,,
ACCT0005978,2,,
ACCT0005990,1,,
ACCT0005995,2,,
ACCT0006001,2,,
ACCT0006016,2,,
ACCT0006020,2,,
ACCT0006021,3,,
ACCT0006022,3,,
ACCT0006024,2,,
ACCT0006029,1,,
ACCT0006035,1,,
ACCT0006037,2,,
ACCT0006041,1,,
ACCT0006045,3,,
ACCT0006050,2,,
ACCT0006128,3,,
ACCT0006129,3,,
ACCT0006131,2,,
ACCT0006132,2,,
ACCT0006135,2,,
ACCT0006138,2,,
ACCT0006140,1,,
ACCT0006141,2,,
ACCT0006149,2,,
ACCT0006151,2,,
ACCT0006169,3,,
ACCT0006177,3,,
ACCT0006180,3,,
ACCT0006188,2,,
ACCT0006194,2,,
ACCT0006199,3,,
ACCT0006200,3,,
ACCT0006202,2,,
ACCT0006205,2,,
ACCT0006206,3,,
ACCT0006209,2,,
ACCT0006211,1,,
ACCT0006214,2,,
ACCT0006219,1,,
ACCT0006221,3,,
ACCT0006224,3,,
ACCT0006225,2,,
ACCT0006257,2,,
ACCT0006261,3,,
ACCT0006264,3,,
ACCT0006275,2,,
ACCT0006278,2,,
ACCT0006316,2,,
ACCT0006326,2,,
ACCT0006338,1,,
ACCT0006351,3,,
ACCT0006353,3,,
ACCT0006355,2,,
ACCT0006358,1,,
ACCT0006367,3,,
ACCT0006371,1,,
ACCT0006393,3,,
ACCT0006397,1,,
ACCT0006399,1,,
ACCT0006400,3,,
ACCT0006404,3,,
ACCT0006405,1,,
ACCT0006412,1,,
ACCT0006417,2,,
ACCT0006419,1,,
ACCT0006427,1,,
ACCT0006430,3,,
ACCT0006441,3,,
ACCT0006442,3,,
ACCT0006457,2,,
ACCT0006479,1,,
ACCT0006489,2,,
ACCT0006516,3,,
ACCT0006540,1,,
ACCT0006542,3,,
ACCT0006544,1,,
ACCT0006555,3,,
ACCT0006558,1,,
ACCT0006562,1,,
ACCT0006565,1,,
ACCT0006569,1,,
ACCT0006577,1,,
ACCT0006580,2,,
ACCT0006581,3,,
ACCT0006583,1,,
ACCT0006591,2,,
ACCT0006615,2,,
ACCT0006630,1,,
ACCT0006635,2,,
ACCT0006636,3,,
ACCT0006647,3,,
ACCT0006657,1.00E+00,,
ACCT0006667,2,,
ACCT0006685,2,,
ACCT0006691,2,,
ACCT0006695,2,,
ACCT0006701,2,,
ACCT0006702,2,,
ACCT0006709,2,,
ACCT0006710,1,,
ACCT0006716,2,,
ACCT0006719,2,,
ACCT0006721,2,,
ACCT0006723,2,,
ACCT0006727,2,,
ACCT0006751,1,,
ACCT0006757,1,,
ACCT0006760,1,,
ACCT0006763,2,,
ACCT0006768,1,,
ACCT0006769,2,,
ACCT0006774,3,,
ACCT0006779,2,,
ACCT0006780,3,,
ACCT0006781,3,,
ACCT0006785,2,,
ACCT0006790,1,,
ACCT0006796,2,,
ACCT0006802,3,,
ACCT0006809,2,,
ACCT0006810,3,,
ACCT0006824,2,,
ACCT0006831,3,,
ACCT0006833,1,,
ACCT0006834,2,,
ACCT0006842,3,,
ACCT0006851,2,,
ACCT0006854,1,,
ACCT0006856,3,,
ACCT0006858,2,,
ACCT0006863,3,,
ACCT0006867,2,,
ACCT0006868,1,,
ACCT0006869,1,,
ACCT0006871,2,,
ACCT0006872,2,,
ACCT0006887,3.00E+00,,
ACCT0006897,3,,
ACCT0006903,3,,
ACCT0006905,3,,
ACCT0006906,3,,
ACCT0006910,3,,
ACCT0006915,3,,
ACCT0006917,3,,
ACCT0006929,1,,
ACCT0006930,2,,
ACCT0006933,3,,
ACCT0006937,1,,
ACCT0006939,2,,
ACCT0006940,3,,
ACCT0006942,2,,
ACCT0006943,2,,
ACCT0006944,3,,
ACCT0006946,1,,
ACCT0006947,3,,
ACCT0006958,2,,
ACCT0006966,2,,
ACCT0006970,1,,
ACCT0006980,2,,
ACCT0006981,3,,
ACCT0006991,3,,
ACCT0007001,2,,
ACCT0007002,2,,
ACCT0007003,2,,
ACCT0007006,3,,
ACCT0007013,1,,
ACCT0007014,3,,
ACCT0007017,2,,
ACCT0007021,3,,
ACCT0007041,1,,
ACCT0007046,1,,
ACCT0007048,2,,
ACCT0007051,3,,
ACCT0007066,3,,
ACCT0007071,1,,
ACCT0007074,1,,
ACCT0007075,3,,
ACCT0007078,3,,
ACCT0007085,1,,
ACCT0007086,3,,
ACCT0007100,1,,
ACCT0007101,2,,
ACCT0007102,2,,
ACCT0007118,2,,
ACCT0007140,2,,
ACCT0007151,1,,
ACCT0007160,1,,
ACCT0007162,2,,
ACCT0007163,1,,
ACCT0007180,3,,
ACCT0007184,2,,
ACCT0007188,1,,
ACCT0007194,3,,
ACCT0007202,3,,
ACCT0007205,2,,
ACCT0007222,1,,
ACCT0007236,2,,
ACCT0007243,3,,
ACCT0007249,3,,
ACCT0007251,2.00E+00,,
ACCT0007254,2,,
ACCT0007255,1,,
ACCT0007282,3,,
ACCT0007293,1,,
ACCT0007296,1,,
ACCT0007305,1,,
ACCT0007313,2,,
ACCT0007315,3,,
ACCT0007321,3,,
ACCT0007323,2,,
ACCT0007329,1,,
ACCT0007331,2,,
ACCT0007336,2,,
ACCT0007338,2,,
ACCT0007339,1,,
ACCT0007340,3,,
ACCT0007346,2,,
ACCT0007350,1,,
ACCT0007351,3,,
ACCT0007361,1,,
ACCT0007369,1,,
ACCT0007374,1,,
ACCT0007375,3,,
ACCT0007380,2,,
ACCT0007386,2,,
ACCT0007394,2,,
ACCT0007424,1,,
ACCT0007430,2,,
ACCT0007431,1,,
ACCT0007451,3,,
ACCT0007452,1,,
ACCT0007454,2,,
ACCT0007462,1,,
ACCT0007464,2,,
ACCT0007484,1,,
ACCT0007491,1,,
ACCT0007496,1,,
ACCT0007515,2,,
ACCT0007516,2,,
ACCT0007517,2,,
ACCT0007524,2,,
ACCT0007526,3,,
ACCT0007527,2,,
ACCT0007530,3,,
ACCT0007538,1,,
ACCT0007540,2,,
ACCT0007549,2,,
ACCT0007551,2,,
ACCT0007555,2,,
ACCT0007570,2,,
ACCT0007574,2,,
ACCT0007575,3,,
ACCT0007576,2,,
ACCT0007577,3,,
ACCT0007580,1,,
ACCT0007588,3,,
ACCT0007590,1,,
ACCT0007591,1,,
ACCT0007593,3,,
ACCT0007595,2,,
ACCT0007596,2,,
ACCT0007601,2,,
ACCT0007628,2,,
ACCT0007633,1,,
ACCT0007644,2,,
ACCT0007651,2,,
ACCT0007661,1,,
ACCT0007666,3,,
ACCT0007673,2,,
ACCT0007684,2,,
ACCT0007689,1,,
ACCT0007699,2,,
ACCT0007709,1,,
ACCT0007710,2,,
ACCT0007717,3,,
ACCT0007727,3,,
ACCT0007729,2,,
ACCT0007734,3,,
ACCT0007754,3,,
ACCT0007759,3,,
ACCT0007765,2,,
ACCT0007767,3,,
ACCT0007769,3,,
ACCT0007771,1,,
ACCT0007772,2,,
ACCT0007781,3,,
ACCT0007785,3,,
ACCT0007788,3,,
ACCT0007789,1.00E+00,,
ACCT0007889,2,,
ACCT0007905,2,,
ACCT0007906,3,,
ACCT0007907,3,,
ACCT0007908,3,,
ACCT0007913,2,,
ACCT0007932,2,,
ACCT0007947,1,,
ACCT0007948,1,,
ACCT0007953,3,,
ACCT0007961,3,,
ACCT0007982,2,,
ACCT0007985,3,,
ACCT0007994,2,,
ACCT0008002,2,,
ACCT0008006,3,,
ACCT0008008,3,,
ACCT0008020,2,,
ACCT0008027,3,,
ACCT0008030,3,,
ACCT0008034,3,,
ACCT0008045,3,,
ACCT0008049,2,,
ACCT0008067,2,,
ACCT0008072,2,,
ACCT0008087,2,,
ACCT0008090,3,,
ACCT0008096,2,,
ACCT0008098,2,,
ACCT0008100,2,,
ACCT0008111,3,,
ACCT0008120,3,,
ACCT0008123,2,,
ACCT0008126,2,,
ACCT0008135,2,,
ACCT0008138,1,,
ACCT0008139,3,,
ACCT0008154,3,,
ACCT0008159,1,,
ACCT0008176,2,,
ACCT0008185,3,,
ACCT0008188,2,,
ACCT0008190,2,,
ACCT0008191,3,,
ACCT0008192,2,,
ACCT0008196,2,,
ACCT0008198,2,,
ACCT0008200,1,,
ACCT0008201,2,,
ACCT0008202,1,,
ACCT0008205,3,,
ACCT0008207,2,,
ACCT0008211,3,,
ACCT0008222,2,,
ACCT0008251,3,,
ACCT0008260,1,,
ACCT0008296,3,,
ACCT0008299,3,,
ACCT0008325,2,,
ACCT0008327,3,,
ACCT0008355,2,,
ACCT0008371,3,,
ACCT0008372,2,,
ACCT0008382,2,,
ACCT0008385,1,,
ACCT0008393,2,,
ACCT0008394,3,,
ACCT0008395,3,,
ACCT0008411,2,,
ACCT0008424,3,,
ACCT0008460,3,,
ACCT0008471,3,,
ACCT0008485,2,,
ACCT0008502,2,,
ACCT0008503,3,,
ACCT0008506,2,,
ACCT0008513,2,,
ACCT0008519,3,,
ACCT0008531,1,,
ACCT0008543,2,,
ACCT0008552,1,,
ACCT0008584,2,,
ACCT0008591,1,,
ACCT0008597,2.00E+00,,
ACCT0008603,1,,
ACCT0008609,3,,
ACCT0008612,3,,
ACCT0008614,1,,
ACCT0008616,2,,
ACCT0008619,3,,
ACCT0008620,3,,
ACCT0008622,3,,
ACCT0008624,2,,
ACCT0008626,2,,
ACCT0008666,3,,
ACCT0008668,2,,
ACCT0008673,2,,
ACCT0008674,1,,
ACCT0008675,2,,
ACCT0008678,2,,
ACCT0008685,3,,
ACCT0008700,2,,
ACCT0008702,2,,
ACCT0008706,3,,
ACCT0008708,3,,
ACCT0008715,1,,
ACCT0008720,2,,
ACCT0008725,1,,
ACCT0008763,1,,
ACCT0008779,3,,
ACCT0008784,2,,
ACCT0008786,2,,
ACCT0008787,2,,
ACCT0008788,2,,
ACCT0008790,3,,
ACCT0008797,2,,
ACCT0008798,2,,
ACCT0008799,3,,
ACCT0008809,2,,
ACCT0008810,2,,
ACCT0008813,3,,
ACCT0008826,2,,
ACCT0008834,1,,
ACCT0008837,3,,
ACCT0008838,1,,
ACCT0008844,3,,
ACCT0008853,3,,
ACCT0008862,2,,
ACCT0008866,2,,
ACCT0008872,2,,
ACCT0008877,3,,
ACCT0008897,2,,
ACCT0008900,2,,
ACCT0008901,1,,
ACCT0008909,1,,
ACCT0008910,3,,
ACCT0008917,3,,
ACCT0008918,2,,
ACCT0008920,3,,
ACCT0008923,1,,
ACCT0008934,3,,
ACCT0008937,2,,
ACCT0008938,2,,
ACCT0008945,2,,
ACCT0008952,1,,
ACCT0008962,3,,
ACCT0008978,2,,
ACCT0009001,3,,
ACCT0009003,1,,
ACCT0009010,1,,
ACCT0009011,3,,
ACCT0009012,2,,
ACCT0009023,2,,
ACCT0009037,2,,
ACCT0009039,2,,
ACCT0009048,2,,
ACCT0009051,2,,
ACCT0009054,2,,
ACCT0009059,2,,
ACCT0009060,1,,
ACCT0009084,2,,
ACCT0009086,2,,
ACCT0009093,1,,
ACCT0009095,2,,
ACCT0009099,3,,
ACCT0009102,2,,
ACCT0009109,3,,
ACCT0009110,3,,
ACCT0009119,2.00E+00,,
ACCT0009121,2,,
ACCT0009126,3,,
ACCT0009129,2,,
ACCT0009136,2,,
ACCT0009137,1,,
ACCT0009138,2,,
ACCT0009145,1,,
ACCT0009147,3,,
ACCT0009152,1,,
ACCT0009156,2,,
ACCT0009158,1,,
ACCT0009159,1.00E+00,,
ACCT0009160,2,,
ACCT0009163,2,,
ACCT0009167,3,,
ACCT0009168,3,,
ACCT0009175,3,,
ACCT0009176,3.00E+00,,
ACCT0009178,1,,
ACCT0009179,2,,
ACCT0009186,3,,
ACCT0009187,2,,
ACCT0009189,3,,
ACCT0009193,2,,
ACCT0009199,2,,
ACCT0009219,2,,
ACCT0009221,2,,
ACCT0009228,1,,
ACCT0009233,2,,
ACCT0009239,2,,
ACCT0009242,3,,
ACCT0009249,1,,
ACCT0009250,1,,
ACCT0009251,2,,
ACCT0009252,1,,
ACCT0009253,3,,
ACCT0009254,2,,
ACCT0009260,3,,
ACCT0009274,3,,
ACCT0009278,2,,
ACCT0009280,2,,
ACCT0009293,1,,
ACCT0009300,2,,
ACCT0009303,3,,
ACCT0009320,3,,
ACCT0009333,2,,
ACCT0009343,2,,
ACCT0009347,3,,
ACCT0009356,3,,
ACCT0009359,2,,
ACCT0009382,2,,
ACCT0009389,1,,
ACCT0009392,1,,
ACCT0009402,1,,
ACCT0009424,2,,
ACCT0009437,1,,
ACCT0009443,2,,
ACCT0009460,2,,
ACCT0009466,2,,
ACCT0009473,2,,
ACCT0009486,2,,
ACCT0009487,1,,
ACCT0009503,2,,
ACCT0009505,3,,
ACCT0009509,2,,
ACCT0009510,2,,
ACCT0009512,2,,
ACCT0009515,1,,
ACCT0009519,3,,
ACCT0009520,3,,
ACCT0009532,2,,
ACCT0009534,2,,
ACCT0009539,1,,
ACCT0009546,3,,
ACCT0009552,1,,
ACCT0009555,2,,
ACCT0009556,3.00E+00,,
ACCT0009568,1,,
ACCT0009570,2,,
ACCT0009574,2,,
ACCT0009579,1,,
ACCT0009581,1,,
ACCT0009582,2,,
ACCT0009601,2,,
ACCT0009607,2,,
ACCT0009608,3,,
ACCT0009611,3,,
ACCT0009617,2,,
ACCT0009620,2,,
ACCT0009624,3,,
ACCT0009636,1,,
ACCT0009642,1,,
ACCT0009647,3.00E+00,,
ACCT0009656,2,,
ACCT0009659,3,,
ACCT0009661,3,,
ACCT0009687,2,,
ACCT0009694,3,,
ACCT0009713,2,,
ACCT0009714,1,,
ACCT0009721,3,,
ACCT0009725,3,,
ACCT0009731,3,,
ACCT0009737,1,,
ACCT0009738,1,,
ACCT0009744,3,,
ACCT0009747,2,,
ACCT0009752,3,,
ACCT0009757,3,,
ACCT0009758,2,,
ACCT0009759,2,,
ACCT0009768,1,,
ACCT0009771,3,,
ACCT0009772,2,,
ACCT0009784,1,,
ACCT0009787,1,,
ACCT0009789,2,,
ACCT0009790,2,,
ACCT0009792,3,,
ACCT0009795,1,,
ACCT0009807,2,,
ACCT0009838,3,,
ACCT0009839,3,,
ACCT0009841,2,,
ACCT0009845,2,,
ACCT0009849,2,,
ACCT0009851,3,,
ACCT0009853,1,,
ACCT0009854,3,,
ACCT0009861,3,,
ACCT0009865,2,,
ACCT0009874,3,,
ACCT0009879,1,,
ACCT0009880,2,,
ACCT0009882,3,,
ACCT0009895,3,,
ACCT0009897,2,,
ACCT0009901,2,,
ACCT0009908,2,,
ACCT0009926,3,,
ACCT0009927,1,,
ACCT0009936,2,,
ACCT0009944,2,,
ACCT0009956,2,,
ACCT0009966,2,,
ACCT0009974,2,,
ACCT0009978,1,,
ACCT0009982,3,,
ACCT0009986,3,,
ACCT0010000,1,,
ACCT0010061,2,,
ACCT0010062,1,,
ACCT0010064,2,,
ACCT0010069,3,,
ACCT0010070,3,,
ACCT0010071,2,,
ACCT0010073,1,,
ACCT0010080,2.00E+00,,
ACCT0010086,2,,
ACCT0010087,2,,
ACCT0010091,3,,
ACCT0010092,1,,
ACCT0010100,2,,
ACCT0010110,2,,
ACCT0010113,2,,
ACCT0010120,3,,
ACCT0010123,1,,
ACCT0010129,1,,
ACCT0010139,2,,
ACCT0010165,1,,
ACCT0010171,2,,
ACCT0010173,1,,
ACCT0010194,2,,
ACCT0010198,2,,
ACCT0010216,2,,
ACCT0010221,1,,
ACCT0010230,3,,
ACCT0010236,1,,
ACCT0010239,2,,
ACCT0010240,1,,
ACCT0010245,2,,
ACCT0010250,3,,
ACCT0010253,3,,
ACCT0010261,3,,
ACCT0010285,3,,
ACCT0010291,2,,
ACCT0010292,2,,
ACCT0010297,3,,
ACCT0010313,2,,
ACCT0010314,2,,
ACCT0010338,3,,
ACCT0010344,1,,
ACCT0010346,1,,
ACCT0010358,3,,
ACCT0010367,2,,
ACCT0010368,2,,
ACCT0010369,2,,
ACCT0010376,2.00E+00,,
ACCT0010378,1,,
ACCT0010386,2,,
ACCT0010395,2,,
ACCT0010401,2,,
ACCT0010415,3,,
ACCT0010416,3,,
ACCT0010463,2,,
ACCT0010470,2,,
ACCT0010471,2,,
ACCT0010481,3,,
ACCT0010488,2,,
ACCT0010493,1,,
ACCT0010508,3,,
ACCT0010528,2,,
ACCT0010542,3,,
ACCT0010553,2,,
ACCT0010569,3,,
ACCT0010572,1,,
ACCT0010576,1,,
ACCT0010585,3,,
ACCT0010587,1,,
ACCT0010592,3,,
ACCT0010596,3,,
ACCT0010599,1,,
ACCT0010600,1,,
ACCT0010602,2,,
ACCT0010605,3,,
ACCT0010610,3,,
ACCT0010614,3,,
ACCT0010615,3,,
ACCT0010630,2,,
ACCT0010637,1,,
ACCT0010645,2,,
ACCT0010646,2,,
ACCT0010658,3,,
ACCT0010660,3,,
ACCT0010661,1,,
ACCT0010669,3,,
ACCT0010676,2,,
ACCT0010678,2,,
ACCT0010680,2,,
ACCT0010684,1,,
ACCT0010685,2,,
ACCT0010686,2,,
ACCT0010691,1,,
ACCT0010696,3,,
ACCT0010697,2,,
ACCT0010699,3,,
ACCT0010701,2,,
ACCT0010712,1,,
ACCT0010715,1,,
ACCT0010718,2,,
ACCT0010730,3,,
ACCT0010732,3,,
ACCT0010737,2,,
ACCT0010738,1,,
ACCT0010741,1,,
ACCT0010742,2,,
ACCT0010743,2,,
ACCT0010747,3,,
ACCT0010748,2,,
ACCT0010752,2,,
ACCT0010753,2,,
ACCT0010754,2,,
ACCT0010759,1,,
ACCT0010766,2,,
ACCT0010771,2,,
ACCT0010777,3,,
ACCT0010782,3,,
ACCT0010784,1,,
ACCT0010786,1,,
ACCT0010795,3,,
ACCT0010796,2,,
ACCT0010808,3,,
ACCT0010809,1,,
ACCT0010817,3,,
ACCT0010819,1,,
ACCT0010822,2,,
ACCT0010824,2,,
ACCT0010828,1,,
ACCT0010830,2,,
ACCT0010834,1,,
ACCT0010835,3,,
ACCT0010852,3,,
ACCT0010857,1,,
ACCT0010859,2,,
ACCT0010863,3,,
ACCT0010873,3,,
ACCT0010889,3,,
ACCT0010890,2,,
ACCT0010895,2,,
ACCT0010896,2,,
ACCT0010898,2,,
ACCT0010913,3,,
ACCT0010914,3,,
ACCT0010925,3,,
ACCT0010932,2,,
ACCT0010954,1,,
ACCT0010960,1,,
ACCT0010975,2,,
ACCT0010976,3,,
ACCT0010978,3,,
ACCT0010990,2,,
ACCT0010991,3,,
ACCT0010992,2,,
ACCT0010994,3,,
ACCT0011026,2,,
ACCT0011028,3,,
ACCT0011031,2,,
ACCT0011046,2,,
ACCT0011068,1,,
ACCT0011074,2,,
ACCT0011080,3,,
ACCT0011082,1,,
ACCT0011086,3,,
ACCT0011105,2,,
ACCT0011124,3,,
ACCT0011126,3,,
ACCT0011139,2,,
ACCT0011147,2,,
ACCT0011180,2,,
ACCT0011202,2,,
ACCT0011251,1,,
ACCT0011263,2,,
ACCT0011308,2,,
ACCT0011367,3,,
ACCT0011398,2,,
ACCT0011410,1,,
ACCT0011447,2,,
ACCT0011453,3,,
ACCT0011531,2,,
ACCT0011656,2,,
ACCT0011844,2,,
ACCT0011911,2,,
ACCT0011915,2,,
ACCT0011918,2,,
ACCT0011962,2,,
ACCT0012038,3,,
ACCT0012115,3,,
ACCT0012116,3,,
ACCT0012126,3,,
ACCT0012212,3,,
ACCT0012230,2,,
ACCT0012235,2,,
ACCT0012391,2,,
ACCT0012457,3,,
ACCT0012489,3,,
ACCT0012652,3,,
ACCT0012672,2,,
ACCT0012678,2,,
ACCT0012682,2,,
ACCT0012770,2,,
ACCT0012816,2,,
ACCT0012889,2,,
ACCT0012914,3,,
ACCT0012956,2,,
ACCT0012962,3,,
ACCT0013009,2,,
ACCT0013128,2,,
ACCT0013160,2,,
ACCT0013258,3,,
ACCT0013273,3,,
ACCT0013280,2,,
ACCT0013288,2,,
ACCT0013295,3,,
ACCT0013300,3,,
ACCT0013314,1,,
ACCT0013318,2,,
ACCT0013323,3,,
ACCT0013326,2,,
ACCT0013333,3,,
ACCT0013340,2,,
ACCT0013355,1,,
ACCT0013357,2,,
ACCT0013370,2,,
ACCT0013377,3,,
ACCT0013388,2,,
ACCT0013390,2,,
ACCT0013395,2,,
ACCT0013748,3,,
ACCT0013750,1,,
ACCT0013970,2,,
ACCT0013975,1,,
ACCT0013981,3,,
ACCT0013986,2,,
ACCT0013996,3,,
ACCT0014001,1,,
ACCT0014006,1,,
ACCT0014007,3,,
ACCT0014014,3,,
ACCT0014023,3,,
ACCT0014027,1,,
ACCT0014046,2,,
ACCT0014058,1,,
ACCT0014060,2,,
ACCT0014072,2,,
ACCT0014087,1,,
ACCT0014110,3,,
ACCT0014119,1,,
ACCT0014128,2,,
ACCT0014130,1,,
ACCT0014138,2,,
ACCT0014157,3,,
ACCT0014160,3,,
ACCT0014164,2,,
ACCT0014165,2,,
ACCT0014177,1,,
ACCT0014187,1,,
ACCT0014188,2,,
ACCT0014190,2,,
ACCT0014222,2,,
ACCT0014231,2,,
ACCT0014232,1,,
ACCT0014240,1,,
ACCT0014244,2,,
ACCT0014250,3,,
ACCT0014252,1,,
ACCT0014256,3,,
ACCT0014259,2,,
ACCT0014262,2,,
ACCT0014264,2,,
ACCT0014272,1,,
ACCT0014273,1,,
ACCT0014288,3,,
ACCT0014298,1,,
ACCT0014302,2,,
ACCT0014309,1,,
ACCT0014311,3,,
ACCT0014312,3,,
ACCT0014337,1,,
ACCT0014338,2,,
ACCT0014351,2,,
ACCT0014354,1,,
ACCT0014356,3,,
ACCT0014357,2,,
ACCT0014358,2,,
ACCT0014359,1,,
ACCT0014361,2,,
ACCT0014364,2,,
ACCT0014372,2,,
ACCT0014374,2,,
ACCT0014384,1,,
ACCT0014391,2,,
ACCT0014412,1,,
ACCT0014458,2,,
ACCT0014494,2,,
ACCT0014507,2,,
ACCT0014534,2,,
ACCT0014535,2,,
ACCT0014538,1,,
ACCT0014545,3,,
ACCT0014577,1,,
ACCT0014585,3,,
ACCT0014681,2,,
ACCT0014720,3,,
ACCT0014871,2,,
ACCT0014932,3,,
ACCT0014943,2,,
ACCT0014958,2,,
ACCT0014963,1,,
ACCT0014974,1,,
ACCT0014979,2,,
ACCT0014982,1,,
ACCT0014999,1,,
ACCT0015010,2,,
ACCT0015020,2,,
ACCT0015055,3,,
ACCT0015065,2,,
ACCT0015094,3,,
ACCT0015109,3,,
ACCT0015128,3,,
ACCT0015169,2,,
ACCT0015283,2,,
ACCT0015341,2,,
ACCT0015458,1,,
ACCT0015462,2,,
ACCT0015467,3,,
ACCT0015471,2,,
ACCT0015480,2,,
ACCT0015481,3,,
ACCT0015490,2,,
ACCT0015504,2,,
ACCT0015505,3,,
ACCT0015506,3,,
ACCT0015507,2,,
ACCT0015508,3,,
ACCT0015511,3,,
ACCT0015522,3,,
ACCT0015564,3,,
ACCT0015565,3,,
ACCT0015568,3,,
ACCT0015572,2,,
ACCT0015587,2,,
ACCT0015590,1,,
ACCT0015598,2,,
ACCT0015600,2,,
ACCT0015603,3,,
ACCT0015609,3,,
ACCT0015619,2,,
ACCT0015629,3,,
ACCT0015630,1,,
ACCT0015632,2,,
ACCT0015638,1,,
ACCT0015643,2,,
ACCT0015654,2,,
ACCT0015662,2,,
ACCT0015683,3,,
ACCT0015694,2,,
ACCT0015695,1,,
ACCT0015702,3,,
ACCT0015703,3,,
ACCT0015705,2,,
ACCT0015707,2,,
ACCT0015709,2,,
ACCT0015710,2,,
ACCT0015712,1,,
ACCT0015713,2,,
ACCT0015715,2,,
ACCT0015721,1,,
ACCT0015722,1,,
ACCT0015736,1,,
ACCT0015737,1,,
ACCT0015740,3,,
ACCT0015742,2,,
ACCT0015743,1,,
ACCT0015760,2,,
ACCT0015765,2,,
ACCT0015766,2,,
ACCT0015768,3,,
ACCT0015772,1,,
ACCT0015773,2,,
ACCT0015795,1,,
ACCT0015797,3,,
ACCT0015806,2,,
ACCT0015817,1,,
ACCT0015825,2,,
ACCT0015842,2,,
ACCT0015845,2,,
ACCT0015850,3,,
ACCT0015871,2,,
ACCT0015874,1,,
ACCT0015905,1,,
ACCT0015914,2,,
ACCT0015923,3,,
ACCT0015929,1,,
ACCT0015930,2,,
ACCT0015931,2,,
ACCT0015932,2,,
ACCT0015949,3,,
ACCT0015955,1,,
ACCT0015956,3,,
ACCT0015959,2,,
ACCT0015960,2,,
ACCT0015967,2,,
ACCT0015972,3,,
ACCT0015974,2,,
ACCT0015976,2,,
ACCT0015979,3,,
ACCT0015990,3,,
ACCT0015993,3,,
ACCT0015994,2,,
ACCT0015999,1,,
ACCT0016005,3,,
ACCT0016014,3,,
ACCT0016017,2,,
ACCT0016033,2,,
ACCT0016043,2,,
ACCT0016045,1,,
ACCT0016078,3,,
ACCT0016129,1,,
ACCT0016132,1,,
ACCT0016137,3,,
ACCT0016142,2,,
ACCT0016241,2,,
ACCT0016393,3,,
ACCT0016441,1,,
ACCT0016582,3,,
ACCT0016593,3,,
ACCT0016594,2,,
ACCT0016605,2,,
ACCT0016618,2,,
ACCT0016633,1,,
ACCT0016664,2,,
ACCT0016675,1,,
ACCT0016683,2,,
ACCT0016688,2,,
ACCT0016692,2,,
ACCT0016701,3,,
ACCT0016705,2,,
ACCT0016709,2,,
ACCT0016716,2,,
ACCT0016738,1,,
ACCT0016773,3,,
ACCT0016788,1,,
ACCT0016801,2,,
ACCT0016808,3,,
ACCT0016814,2,,
ACCT0016863,2,,
ACCT0016874,3,,
ACCT0016878,3,,
ACCT0016882,2,,
ACCT0016894,1,,
ACCT0016923,3,,
ACCT0016960,1,,
ACCT0016987,2,,
ACCT0016998,3,,
ACCT0017011,2,,
ACCT0017023,1,,
ACCT0017030,3,,
ACCT0017031,1,,
ACCT0017037,2,,
ACCT0017039,2,,
ACCT0017042,2,,
ACCT0017043,2,,
ACCT0017046,2,,
ACCT0017072,3,,
ACCT0017073,2,,
ACCT0017080,3,,
ACCT0017090,1,,
ACCT0017109,2,,
ACCT0017110,2,,
ACCT0017113,1,,
ACCT0017119,1,,
ACCT0017125,1,,
ACCT0017134,2,,
ACCT0017143,1,,
ACCT0017153,2,,
ACCT0017159,2,,
ACCT0017161,2,,
ACCT0017168,3,,
ACCT0017173,2,,
ACCT0017183,2,,
ACCT0017186,3,,
ACCT0017187,2,,
ACCT0017188,3,,
ACCT0017193,3,,
ACCT0017197,2,,
ACCT0017205,2,,
ACCT0017214,1,,
ACCT0017220,2,,
ACCT0017232,1,,
ACCT0017243,2,,
ACCT0017246,1,,
ACCT0017254,3,,
ACCT0017328,1,,
ACCT0017336,3,,
ACCT0017353,2,,
ACCT0017476,2,,
ACCT0017486,1,,
ACCT0017515,2,,
ACCT0017584,3,,
ACCT0017621,3,,
ACCT0017690,2,,
ACCT0017715,3,,
ACCT0017755,1,,
ACCT0017829,2,,
ACCT0017894,2,,
ACCT0017899,2,,
ACCT0017914,2,,
ACCT0017959,2,,
ACCT0017989,2,,
ACCT0018012,2,,
ACCT0018016,3,,
ACCT0018022,2,,
ACCT0018079,2,,
ACCT0018084,2,,
ACCT0018093,2,,
ACCT0018148,3,,
ACCT0018154,2,,
ACCT0018164,2,,
ACCT0018177,2,,
ACCT0018194,2,,
ACCT0018213,2,,
ACCT0018216,1,,
ACCT0018221,2,,
ACCT0018227,2,,
ACCT0018292,2,,
ACCT0018353,1,,
ACCT0018366,2,,
ACCT0018368,2,,
ACCT0018378,1,,
ACCT0018382,2,,
ACCT0018386,1,,
ACCT0018392,2,,
ACCT0018403,1,,
ACCT0018406,1,,
ACCT0018409,2,,
ACCT0018410,1,,
ACCT0018521,2,,
ACCT0018567,3,,
ACCT0018609,2,,
ACCT0018634,1,,
ACCT0018690,2,,
ACCT0018691,2,,
ACCT0018704,1,,
ACCT0018736,2,,
ACCT0018737,1,,
ACCT0018742,1,,
ACCT0018764,1,,
ACCT0018771,1,,
ACCT0018776,2,,
ACCT0018780,2,,
ACCT0018789,2,,
ACCT0018827,2,,
ACCT0018852,2,,
ACCT0018858,2,,
ACCT0018861,1,,
ACCT0018880,1,,
ACCT0018890,2,,
ACCT0018901,2,,
ACCT0018920,2,,
ACCT0018931,1,,
ACCT0018935,1,,
ACCT0018936,3,,
ACCT0018943,2,,
ACCT0018948,2,,
ACCT0018949,1,,
ACCT0018975,2,,
ACCT0018977,2,,
ACCT0018992,3,,
ACCT0019002,1,,
ACCT0019003,2,,
ACCT0019013,2,,
ACCT0019016,2,,
ACCT0019026,2,,
ACCT0019043,2,,
ACCT0019044,2,,
ACCT0019065,3,,
ACCT0019083,1,,
ACCT0019085,2,,
ACCT0019109,3,,
ACCT0019114,1,,
ACCT0019115,3,,
ACCT0019123,3,,
ACCT0019134,3,,
ACCT0019145,3,,
ACCT0019157,3,,
ACCT0019162,3,,
ACCT0019173,2,,
ACCT0019176,3,,
ACCT0019177,3,,
ACCT0019180,2,,
ACCT0019181,2,,
ACCT0019182,1,,
ACCT0019211,3,,
ACCT0019233,3,,
ACCT0019234,1,,
ACCT0019238,2,,
ACCT0019240,3,,
ACCT0019249,1,,
ACCT0019255,2,,
ACCT0019256,2,,
ACCT0019269,1,,
ACCT0019275,2,,
ACCT0019277,3,,
ACCT0019280,2,,
ACCT0019319,2,,
ACCT0019322,3,,
ACCT0019324,2,,
ACCT0019328,2,,
ACCT0019359,2,,
ACCT0019374,1,,
ACCT0019375,1,,
ACCT0019440,2,,
ACCT0019444,3,,
ACCT0019471,1,,
ACCT0019563,2,,
ACCT0019574,2,,
ACCT0019602,3,,
ACCT0019606,1,,
ACCT0019608,1,,
ACCT0019611,2,,
ACCT0019615,2,,
ACCT0019638,2,,
ACCT0019639,1,,
ACCT0019650,2,,
ACCT0019664,2,,
ACCT0019686,1,,
ACCT0019713,3,,
ACCT0019714,2,,
ACCT0019725,2,,
ACCT0019737,2,,
ACCT0019740,1,,
ACCT0019741,2,,
ACCT0019757,1,,
ACCT0019780,2,,
ACCT0019784,2,,
ACCT0019803,1,,
ACCT0019809,3,,
ACCT0019816,3,,
ACCT0019827,3,,
ACCT0019828,3,,
ACCT0019856,2,,
ACCT0019860,2,,
ACCT0019896,3,,
ACCT0019917,3,,
ACCT0019929,1,,
ACCT0019947,2,,
ACCT0019949,2,,
ACCT0020043,1,,
ACCT0020070,3,,
ACCT0020078,2,,
ACCT0020102,2,,
ACCT0020106,1,,
ACCT0020154,2,,
ACCT0020173,2,,
ACCT0020186,2,,
ACCT0020192,2,,
ACCT0020193,1,,
ACCT0020195,2,,
ACCT0020199,2,,
ACCT0020200,2,,
ACCT0020213,2,,
ACCT0020219,2,,
ACCT0020259,1,,
ACCT0020261,1,,
ACCT0020263,3,,
ACCT0020296,3,,
ACCT0020303,3,,
ACCT0020304,2,,
ACCT0020309,1,,
ACCT0020310,2,,
ACCT0020345,1,,
ACCT0020346,1,,
ACCT0020355,1,,
ACCT0020395,1,,
ACCT0020401,3,,
ACCT0020402,2,,
ACCT0020407,2,,
ACCT0020412,2,,
ACCT0020420,2,,
ACCT0020442,1,,
ACCT0020463,1,,
ACCT0020472,1,,
ACCT0020478,1,,
ACCT0020482,2,,
ACCT0020486,2,,
ACCT0020490,2,,
ACCT0020500,1,,
ACCT0020503,2,,
ACCT0020508,2,,
ACCT0020512,2,,
ACCT0020544,3,,
ACCT0020548,1,,
ACCT0020575,3,,
ACCT0020588,2,,
ACCT0020590,1,,
ACCT0020594,3,,
ACCT0020608,1,,
ACCT0020609,1,,
ACCT0020612,1,,
ACCT0020618,2,,
ACCT0020625,1,,
ACCT0020628,1,,
ACCT0020632,3,,
ACCT0020649,1,,
ACCT0020682,1,,
ACCT0020708,2,,
ACCT0020717,1,,
ACCT0020718,1,,
ACCT0020719,2,,
ACCT0020726,3,,
ACCT0020732,2,,
ACCT0020736,2,,
ACCT0020745,3,,
ACCT0020764,1,,
ACCT0020771,2,,
ACCT0020780,1,,
ACCT0020782,3,,
ACCT0020787,3,,
ACCT0020803,2,,
ACCT0020827,3,,
ACCT0020840,2,,
ACCT0020844,2,,
ACCT0020854,2,,
ACCT0020872,2,,
ACCT0020876,3,,
ACCT0020891,3,,
ACCT0020898,2,,
ACCT0020905,2,,
ACCT0020913,2,,
ACCT0020928,1,,
ACCT0020937,2,,
ACCT0020945,2,,
ACCT0020951,2,,
ACCT0020962,1,,
ACCT0020978,2,,
ACCT0020991,3,,
ACCT0021014,2,,
ACCT0021023,3,,
ACCT0021026,2,,
ACCT0021029,2,,
ACCT0021030,1,,
ACCT0021031,3,,
ACCT0021055,3,,
ACCT0021058,2,,
ACCT0021065,2,,
ACCT0021080,1,,
ACCT0021091,3,,
ACCT0021116,1,,
ACCT0021133,3,,
ACCT0021138,2,,
ACCT0021156,1,,
ACCT0021176,2,,
ACCT0021182,2,,
ACCT0021191,3,,
ACCT0021203,2,,
ACCT0021209,2,,
ACCT0021242,1,,
ACCT0021262,1,,
ACCT0021273,3,,
ACCT0021283,2,,
ACCT0021297,1,,
ACCT0021344,2,,
ACCT0021346,3,,
ACCT0021362,2,,
ACCT0021363,3,,
ACCT0021365,2,,
ACCT0021372,2,,
ACCT0021385,1,,
ACCT0021403,2,,
ACCT0021404,2,,
ACCT0021418,3,,
ACCT0021419,2,,
ACCT0021420,3,,
ACCT0021429,2,,
ACCT0021431,1,,
ACCT0021432,1,,
ACCT0021444,1,,
ACCT0021445,2,,
ACCT0021447,2,,
ACCT0021464,1,,
ACCT0021485,2,,
ACCT0021503,2,,
ACCT0021509,2,,
ACCT0021563,1,,
ACCT0021569,1,,
ACCT0021594,2,,
ACCT0021597,3,,
ACCT0021600,2,,
ACCT0021619,2,,
ACCT0021621,2,,
ACCT0021630,2,,
ACCT0021648,3,,
ACCT0021655,1,,
ACCT0021657,2,,
ACCT0021660,1,,
ACCT0021670,2,,
ACCT0021684,3,,
ACCT0021705,3,,
ACCT0021716,2,,
ACCT0021735,1,,
ACCT0021739,2,,
ACCT0021740,1,,
ACCT0021790,3,,
ACCT0021794,1,,
ACCT0021810,2,,
ACCT0021833,2,,
ACCT0021857,2,,
ACCT0021859,2,,
ACCT0021884,2,,
ACCT0021941,3,,
ACCT0021957,2,,
ACCT0021967,2,,
ACCT0021974,3,,
ACCT0021991,3,,
ACCT0021997,1,,
ACCT0022009,1,,
ACCT0022036,2,,
ACCT0022044,2,,
ACCT0022061,3,,
ACCT0022093,2,,
ACCT0022123,2,,
ACCT0022135,1,,
ACCT0022166,1,,
ACCT0022177,1,,
ACCT0022179,2,,
ACCT0022181,2,,
ACCT0022194,3,,
ACCT0022208,2,,
ACCT0022223,1,,
ACCT0022234,3,,
ACCT0022247,2,,
ACCT0022282,3,,
ACCT0022283,2,,
ACCT0022285,1,,
ACCT0022301,2,,
ACCT0022310,2,,
ACCT0022340,1,,
ACCT0022341,2,,
ACCT0022359,1,,
ACCT0022362,3,,
ACCT0022363,2,,
ACCT0022365,1,,
ACCT0022386,2,,
ACCT0022398,2,,
ACCT0022411,1,,
ACCT0022441,2,,
ACCT0022456,2,,
ACCT0022476,2,,
ACCT0022483,1,,
ACCT0022502,1,,
ACCT0022503,2,,
ACCT0022504,2,,
ACCT0022506,2,,
ACCT0022521,1,,
ACCT0022522,2,,
ACCT0022531,1,,
ACCT0022537,2,,
ACCT0022560,2,,
ACCT0022580,3,,
ACCT0022591,2,,
ACCT0022593,2,,
ACCT0022604,3,,
ACCT0022606,2,,
ACCT0022617,2,,
ACCT0022625,2,,
ACCT0022629,1,,
ACCT0022632,1,,
ACCT0022663,3,,
ACCT0022720,3,,
ACCT0022729,3,,
ACCT0022732,2,,
ACCT0022738,2,,
ACCT0022739,2,,
ACCT0022830,1,,
ACCT0022835,2,,
ACCT0022867,3,,
ACCT0022886,1,,
ACCT0022893,1,,
ACCT0022895,3,,
ACCT0022903,2,,
ACCT0022917,3,,
ACCT0022920,1,,
ACCT0022922,3,,
ACCT0022930,3,,
ACCT0022934,2,,
ACCT0022935,3,,
ACCT0022964,2,,
ACCT0022970,2,,
ACCT0022992,3,,
ACCT0023014,1,,
ACCT0023015,2,,
ACCT0023024,3,,
ACCT0023028,1,,
ACCT0023038,1,,
ACCT0023042,2,,
ACCT0023099,3,,
ACCT0023117,3,,
ACCT0023136,2,,
ACCT0023145,2,,
ACCT0023178,2,,
ACCT0023188,1,,
ACCT0023195,3,,
ACCT0023237,1,,
ACCT0023238,2,,
ACCT0023261,2,,
ACCT0023280,2,,
ACCT0023281,2,,
ACCT0023295,1,,
ACCT0023302,2,,
ACCT0023310,2,,
ACCT0023321,1,,
ACCT0023323,2,,
ACCT0023327,1,,
ACCT0023332,2,,
ACCT0023340,2,,
ACCT0023354,2,,
ACCT0023360,1,,
ACCT0023362,1,,
ACCT0023364,2,,
ACCT0023367,2,,
ACCT0023398,1,,
ACCT0023402,2,,
ACCT0023441,1,,
ACCT0023442,2,,
ACCT0023451,1,,
ACCT0023479,1,,
ACCT0023490,3,,
ACCT0023510,1,,
ACCT0023511,2,,
ACCT0023513,3,,
ACCT0023526,1,,
ACCT0023532,2,,
ACCT0023551,1,,
ACCT0023560,2,,
ACCT0023566,1,,
ACCT0023576,2,,
ACCT0023587,3,,
ACCT0023591,2,,
ACCT0023592,2,,
ACCT0023639,3,,
ACCT0023646,3,,
ACCT0023653,2,,
ACCT0023659,3,,
ACCT0023668,3,,
ACCT0023699,1,,
ACCT0023711,2,,
ACCT0023719,2,,
ACCT0023722,2,,
ACCT0023740,1,,
ACCT0023750,2,,
ACCT0023778,1,,
ACCT0023786,2,,
ACCT0023790,3,,
ACCT0023797,2,,
ACCT0023819,2,,
ACCT0023829,3,,
ACCT0023847,3,,
ACCT0023849,3,,
ACCT0023857,1,,
ACCT0023867,3,,
ACCT0023884,1,,
ACCT0023919,3,,
ACCT0023922,2,,
ACCT0023925,1,,
ACCT0023958,1,,
ACCT0023963,2,,
ACCT0023972,2,,
ACCT0023993,2,,
ACCT0023995,1,,
ACCT0024011,1,,
ACCT0024028,1,,
ACCT0024034,1,,
ACCT0024043,2,,
ACCT0024046,2,,
ACCT0024050,2,,
ACCT0024076,3,,
ACCT0024104,1,,
ACCT0024129,1,,
ACCT0024130,3,,
ACCT0024133,3,,
ACCT0024135,3,,
ACCT0024136,2,,
ACCT0024140,2,,
ACCT0024157,1,,
ACCT0024160,1,,
ACCT0024180,1,,
ACCT0024181,3,,
ACCT0024186,2,,
ACCT0024195,2,,
ACCT0024216,2,,
ACCT0024219,3,,
ACCT0024222,2,,
ACCT0024238,3,,
ACCT0024245,1,,
ACCT0024257,1,,
ACCT0024271,3,,
ACCT0024304,1,,
ACCT0024308,2,,
ACCT0024311,1,,
ACCT0024336,1,,
ACCT0024344,2,,
ACCT0024345,2,,
ACCT0024355,3,,
ACCT0024363,2,,
ACCT0024372,3,,
ACCT0024376,2,,
ACCT0024382,3,,
ACCT0024387,1,,
ACCT0024388,2,,
ACCT0024408,1,,
ACCT0024410,2,,
ACCT0024431,2,,
ACCT0024437,2,,
ACCT0024468,2,,
ACCT0024470,3,,
ACCT0024472,2,,
ACCT0024481,2,,
ACCT0024501,1,,
ACCT0024547,1,,
ACCT0024559,2,,
ACCT0024582,2,,
ACCT0024584,2,,
ACCT0024588,2,,
ACCT0024592,1,,
ACCT0024597,2,,
ACCT0024600,2,,
ACCT0024605,2,,
ACCT0024608,2,,
ACCT0024612,1,,
ACCT0024640,2,,
ACCT0024671,2,,
ACCT0024696,3,,
ACCT0024742,2,,
ACCT0024750,2,,
ACCT0024754,2,,
ACCT0024764,2,,
ACCT0024773,2,,
ACCT0024848,3,,
ACCT0024863,2,,
ACCT0024874,2,,
ACCT0024898,3,,
ACCT0024907,2,,
ACCT0024914,1,,
ACCT0024921,2,,
ACCT0025015,2,,
ACCT0025026,1,,
ACCT0025031,2,,
ACCT0025043,2,,
ACCT0025048,2,,
ACCT0025054,3,,
ACCT0025058,1,,
ACCT0025080,2,,
ACCT0025099,3,,
ACCT0025100,2.00E+00,,
ACCT0025103,3,,
ACCT0025122,2,,
ACCT0025125,2,,
ACCT0025135,2,,
ACCT0025146,3,,
ACCT0025147,3,,
ACCT0025149,2,,
ACCT0025167,2,,
ACCT0025183,2,,
ACCT0025189,2,,
ACCT0025192,2,,
ACCT0025203,1,,
ACCT0025211,3,,
ACCT0025214,3,,
ACCT0025221,2,,
ACCT0025224,2,,
ACCT0025231,1,,
ACCT0025249,2,,
ACCT0025272,3,,
ACCT0025273,3,,
ACCT0025277,2,,
ACCT0025295,1,,
ACCT0025313,3,,
ACCT0025317,1,,
ACCT0025326,2,,
ACCT0025334,1,,
ACCT0025368,2,,
ACCT0025387,3,,
ACCT0025392,1,,
ACCT0025394,3,,
ACCT0025417,2,,
ACCT0025428,2,,
ACCT0025437,2,,
ACCT0025444,2,,
ACCT0025462,1,,
ACCT0025525,2,,
ACCT0025539,2,,
ACCT0025593,2,,
ACCT0025605,2,,
ACCT0025636,2,,
ACCT0025640,3,,
ACCT0025643,1,,
ACCT0025645,2,,
ACCT0025658,3,,
ACCT0025661,1,,
ACCT0025671,3,,
ACCT0025673,1,,
ACCT0025708,2,,
ACCT0025713,2,,
ACCT0025715,1,,
ACCT0025738,1,,
ACCT0025742,2,,
ACCT0025745,1,,
ACCT0025749,1,,
ACCT0025767,1,,
ACCT0025785,1,,
ACCT0025799,1,,
ACCT0025802,2,,
ACCT0025812,3,,
ACCT0025817,2,,
ACCT0025819,2,,
ACCT0025836,2,,
ACCT0025874,2,,
ACCT0025886,2,,
ACCT0025887,3,,
ACCT0025903,1,,
ACCT0025911,2,,
ACCT0025913,3,,
ACCT0025921,3,,
ACCT0025929,2,,
ACCT0025941,3,,
ACCT0025942,1,,
ACCT0025949,1,,
ACCT0025961,3,,
ACCT0025962,3,,
ACCT0025972,3,,
ACCT0025999,3,,
ACCT0026011,3,,
ACCT0026021,1,,
ACCT0026027,2,,
ACCT0026033,2,,
ACCT0026035,2,,
ACCT0026049,3,,
ACCT0026054,1,,
ACCT0026066,3,,
ACCT0026076,1,,
ACCT0026078,1,,
ACCT0026088,2,,
ACCT0026092,2,,
ACCT0026093,2,,
ACCT0026095,2,,
ACCT0026099,3,,
ACCT0026102,2,,
ACCT0026110,1,,
ACCT0026123,2,,
ACCT0026131,3,,
ACCT0026147,3,,
ACCT0026203,2,,
ACCT0026230,1,,
ACCT0026231,1,,
ACCT0026245,3,,
ACCT0026320,1,,
ACCT0026332,1,,
ACCT0026338,2,,
ACCT0026344,3,,
ACCT0026351,2,,
ACCT0026353,3,,
ACCT0026366,2.00E+00,,
ACCT0026378,2,,
ACCT0026380,1,,
ACCT0026385,2,,
ACCT0026402,3,,
ACCT0026408,2,,
ACCT0026412,2,,
ACCT0026415,2,,
ACCT0026423,2,,
ACCT0026425,1,,
ACCT0026426,1,,
ACCT0026438,1,,
ACCT0026449,2,,
ACCT0026460,2,,
ACCT0026461,2,,
ACCT0026474,2,,
ACCT0026477,2,,
ACCT0026483,1,,
ACCT0026485,1,,
ACCT0026504,2,,
ACCT0026523,3,,
ACCT0026527,2,,
ACCT0026531,2,,
ACCT0026545,3,,
ACCT0026573,1,,
ACCT0026613,2,,
ACCT0026620,3,,
ACCT0026626,3,,
ACCT0026629,1,,
ACCT0026631,2,,
ACCT0026637,2,,
ACCT0026643,3,,
ACCT0026653,1,,
ACCT0026659,2,,
ACCT0026663,1,,
ACCT0026664,3,,
ACCT0026668,2,,
ACCT0026726,2,,
ACCT0026727,2,,
ACCT0026735,3,,
ACCT0026772,2,,
ACCT0026774,3,,
ACCT0026799,1,,
ACCT0026810,2,,
ACCT0026812,1,,
ACCT0026827,2,,
ACCT0026846,3,,
ACCT0026889,2,,
ACCT0026897,2,,
ACCT0026902,3,,
ACCT0026935,1,,
ACCT0026936,1,,
ACCT0026938,2,,
ACCT0026942,2,,
ACCT0026974,1,,
ACCT0027003,1,,
ACCT0027014,3,,
ACCT0027016,1,,
ACCT0027079,2,,
ACCT0027080,1,,
ACCT0027081,1,,
ACCT0027128,2,,
ACCT0027171,2,,
ACCT0027189,1,,
ACCT0027357,3,,
ACCT0027395,2,,
ACCT0027417,1,,
ACCT0027458,3,,
ACCT0027485,3,,
ACCT0027488,2,,
ACCT0027495,2,,
ACCT0027507,1,,
ACCT0027522,3,,
ACCT0027537,2,,
ACCT0027540,3,,
ACCT0027549,2,,
ACCT0027557,2,,
ACCT0027558,1,,
ACCT0027565,2,,
ACCT0027574,3,,
ACCT0027577,2,,
ACCT0027589,3,,
ACCT0027593,1,,
ACCT0027600,3,,
ACCT0027621,1,,
ACCT0027631,1,,
ACCT0027654,3,,
ACCT0027692,2,,
ACCT0027739,3,,
ACCT0027741,3,,
ACCT0027779,2,,
ACCT0027868,2,,
ACCT0027871,3,,
ACCT0027882,1,,
ACCT0027884,3,,
ACCT0027887,1,,
ACCT0027934,1,,
ACCT0028019,1,,
ACCT0028236,2,,
ACCT0028440,2,,
ACCT0028443,3,,
ACCT0028570,2,,
ACCT0028757,1,,
ACCT0028989,2,,
ACCT0029371,2,,
ACCT0029383,1,,
ACCT0029651,3,,
ACCT0029682,1,,
ACCT0029715,1,,
ACCT0029916,2,,
ACCT0030110,2,,
ACCT0030322,1,,
ACCT0030591,2,,
ACCT0030758,2,,
ACCT0030795,3,,
ACCT0031055,2,,
ACCT0031127,2,,
ACCT0031146,3,,
ACCT0031149,2,,
ACCT0031181,3,,
ACCT0031186,3,,
ACCT0031191,2,,
ACCT0031215,2,,
ACCT0031220,1,,
ACCT0031239,2,,
ACCT0031252,1,,
ACCT0031260,3,,
ACCT0031271,3,,
ACCT0031277,3,,
ACCT0031295,2,,
ACCT0031303,1,,
ACCT0031308,1,,
ACCT0031323,2,,
ACCT0031374,2,,
ACCT0031386,1,,
ACCT0031387,3,,
ACCT0031398,1,,
ACCT0031404,2,,
ACCT0031422,2,,
ACCT0031489,2,,
ACCT0031544,1,,
ACCT0031579,3,,
ACCT0031590,3,,
ACCT0031601,2,,
ACCT0031673,2,,
ACCT0031718,1,,
ACCT0031729,1,,
ACCT0031751,3,,
ACCT0031771,2,,
ACCT0031775,2,,
ACCT0031784,3,,
ACCT0031806,3,,
ACCT0031810,2,,
ACCT0031819,2,,
ACCT0031823,3,,
ACCT0031831,1,,
ACCT0031836,2,,
ACCT0031880,2,,
ACCT0032271,1,,
ACCT0032548,2,,
ACCT0032552,2,,
ACCT0032557,2,,
ACCT0032574,1,,
ACCT0032578,1,,
ACCT0032584,2,,
ACCT0032585,2,,
ACCT0032593,2,,
ACCT0032599,2,,
ACCT0032623,1,,
ACCT0032624,2,,
ACCT0032625,2,,
ACCT0032641,2,,
ACCT0032649,2,,
ACCT0032678,1,,
ACCT0032686,2,,
ACCT0032739,1,,
ACCT0032745,2,,
ACCT0032759,3,,
ACCT0032777,2,,
ACCT0032782,2,,
ACCT0032784,2,,
ACCT0032796,2,,
ACCT0032804,1,,
ACCT0032814,3,,
ACCT0032828,2,,
ACCT0032837,2,,
ACCT0032864,1,,
ACCT0032869,3,,
ACCT0032873,3,,
ACCT0032889,3,,
ACCT0032896,3,,
ACCT0032915,2,,
ACCT0032939,3,,
ACCT0032941,2,,
ACCT0033012,2,,
ACCT0033031,2,,
ACCT0033041,3,,
ACCT0033051,2,,
ACCT0033091,3,,
ACCT0033134,3,,
ACCT0033139,3,,
ACCT0033149,2,,
ACCT0033171,2,,
ACCT0033180,3,,
ACCT0033181,1,,
ACCT0033188,2,,
ACCT0033234,1,,
ACCT0033238,2,,
ACCT0033260,2,,
ACCT0033266,3,,
ACCT0033303,1,,
ACCT0033325,2,,
ACCT0033326,1,,
ACCT0033360,2,,
ACCT0033363,2,,
ACCT0033371,2,,
ACCT0033385,2,,
ACCT0033394,2,,
ACCT0033395,1,,
ACCT0033422,2,,
ACCT0033425,2,,
ACCT0033461,2,,
ACCT0033469,3,,
ACCT0033470,3.00E+00,,
ACCT0033492,2,,
ACCT0033503,2,,
ACCT0033510,2,,
ACCT0033511,3,,
ACCT0033543,2,,
ACCT0033556,2,,
ACCT0033558,2,,
ACCT0033561,3,,
ACCT0033565,2,,
ACCT0033568,2,,
ACCT0033591,3,,
ACCT0033607,1,,
ACCT0033611,2,,
ACCT0033613,1,,
ACCT0033626,3,,
ACCT0033628,2,,
ACCT0035706,3,,
ACCT0035714,2,,
ACCT0035717,2,,
ACCT0035723,3,,
ACCT0035733,2,,
ACCT0035736,1,,
ACCT0035749,2,,
ACCT0035762,2,,
ACCT0035770,1,,
ACCT0035774,3,,
ACCT0035813,1,,
ACCT0035825,1,,
ACCT0035835,2,,
ACCT0035843,2,,
ACCT0035850,3,,
ACCT0035852,3,,
ACCT0035853,2,,
ACCT0035871,1,,
ACCT0035880,3,,
ACCT0035882,3,,
ACCT0035909,3,,
ACCT0035924,2,,
ACCT0035926,2,,
ACCT0035932,2,,
ACCT0035937,3,,
ACCT0035967,3,,
ACCT0037147,2,,
ACCT0037153,2,,
ACCT0037173,2,,
ACCT0037179,1,,
ACCT0037201,2,,
ACCT0037202,1,,
ACCT0037210,3,,
ACCT0037229,1,,
ACCT0037284,1,,
ACCT0037334,3,,
ACCT0037343,2,,
ACCT0037348,2,,
ACCT0037360,2,,
ACCT0037394,1,,
ACCT0037417,3,,
ACCT0037472,2,,
ACCT0037475,3,,
ACCT0037482,2,,
ACCT0037483,2,,
ACCT0037575,2,,
ACCT0037586,3,,
ACCT0037632,3,,
ACCT0037659,2,,
ACCT0037678,2,,
ACCT0037696,2,,
ACCT0037714,3,,
ACCT0037727,2,,
ACCT0037731,2,,
ACCT0037750,2,,
ACCT0037782,2,,
ACCT0037839,2,,
ACCT0037932,3,,
ACCT0037964,2,,
ACCT0037973,1,,
ACCT0038021,2,,
ACCT0038043,2,,
ACCT0038084,2,,
ACCT0038096,3,,
ACCT0038098,2,,
ACCT0038099,2,,
ACCT0038161,2,,
ACCT0038180,2,,
ACCT0038187,2,,
ACCT0038189,1,,
ACCT0038259,2,,
ACCT0038262,3,,
ACCT0038276,3,,
ACCT0038278,2,,
ACCT0038292,1,,
ACCT0038301,1,,
ACCT0038312,2,,
ACCT0038336,2,,
ACCT0038342,2,,
ACCT0038348,2,,
ACCT0038390,3,,
ACCT0038400,3,,
ACCT0038410,1,,
ACCT0038435,1,,
ACCT0038436,3,,
ACCT0038440,2,,
ACCT0038450,3,,
ACCT0038451,3,,
ACCT0038470,2,,
ACCT0038475,2,,
ACCT0038524,2,,
ACCT0038533,2,,
ACCT0038600,3,,
ACCT0038634,1,,
ACCT0038663,1,,
ACCT0038692,2,,
ACCT0038709,2,,
ACCT0038717,2,,
ACCT0038720,2,,
ACCT0038722,2,,
ACCT0038755,2,,
ACCT0038757,1,,
ACCT0038767,1,,
ACCT0038816,3,,
ACCT0038823,3,,
ACCT0038839,2,,
ACCT0038847,2,,
ACCT0038859,3.00E+00,,
ACCT0038870,1,,
ACCT0038903,1,,
ACCT0038963,2,,
ACCT0039440,2,,
ACCT0039459,3,,
ACCT0039480,3,,
ACCT0039482,2,,
ACCT0039515,1,,
ACCT0039537,3,,
ACCT0039561,2,,
ACCT0039581,3,,
ACCT0039591,3,,
ACCT0039597,2,,
ACCT0039620,3,,
ACCT0039628,2,,
ACCT0039634,2,,
ACCT0039651,1,,
ACCT0039692,2,,
ACCT0039725,2,,
ACCT0039726,1,,
ACCT0039727,3,,
ACCT0039729,2,,
ACCT0039731,1,,
ACCT0039734,1,,
ACCT0039749,1,,
ACCT0039754,2,,
ACCT0039756,3,,
ACCT0039757,1,,
ACCT0039766,3,,
ACCT0039769,2,,
ACCT0039771,1,,
ACCT0039775,2,,
ACCT0039816,2,,
ACCT0039833,2,,
ACCT0039882,2,,
ACCT0039894,1,,
ACCT0039895,3,,
ACCT0039925,3,,
ACCT0039926,1,,
ACCT0039934,3,,
ACCT0039980,1,,
ACCT0040009,1,,
ACCT0040147,2,,
ACCT0040154,3,,
ACCT0040165,3,,
ACCT0040176,1,,
ACCT0040177,2,,
ACCT0040178,1,,
ACCT0040210,3,,
ACCT0040211,3,,
ACCT0040236,1,,
ACCT0040262,3,,
ACCT0040266,3,,
ACCT0040274,3,,
ACCT0040275,2,,
ACCT0040308,3,,
ACCT0040341,1,,
ACCT0040354,3,,
ACCT0040377,2,,
ACCT0040380,2,,
ACCT0040418,2,,
ACCT0040423,2,,
ACCT0040426,2,,
ACCT0040469,1,,
ACCT0040532,1,,
ACCT0040560,1,,
ACCT0040561,2,,
ACCT0040593,1,,
ACCT0040609,2,,
ACCT0040611,3,,
ACCT0040622,3,,
ACCT0040629,3,,
ACCT0040631,3,,
ACCT0040687,1,,
ACCT0040690,2,,
ACCT0040691,2,,
ACCT0040710,1,,
ACCT0040711,2,,
ACCT0043586,2,,
ACCT0044135,2,,
ACCT0045356,2,,
ACCT0045722,1,,
ACCT0048655,2,,
ACCT0048682,3,,
ACCT0048683,2,,
ACCT0048684,3,,
ACCT0048690,2,,
ACCT0048699,3,,
ACCT0048703,2,,
ACCT0048705,3,,
ACCT0048706,2,,
ACCT0048707,2,,
ACCT0048708,2,,
ACCT0048726,2,,
ACCT0048736,2,,
ACCT0048762,2,,
ACCT0048784,2,,
ACCT0048820,2,,
ACCT0048835,3,,
ACCT0049817,2,,
ACCT0051572,1,,
ACCT0051662,2,,
ACCT0051663,1,,
ACCT0052303,2,,
ACCT0052588,1,,
ACCT0053016,2,,
ACCT0053704,2,,
ACCT0054389,2,,
ACCT0054629,2,,
ACCT0054828,3,,
ACCT0055457,1,,
ACCT0056460,1,,
ACCT0056468,2,,
ACCT0056712,2,,
ACCT0056921,3,,
ACCT0057016,2,,
ACCT0057701,3,,
ACCT0057745,3,,
ACCT0058669,3,,
ACCT0059067,2,,
ACCT0059075,2,,
ACCT0059222,2,,
ACCT0059273,3,,
ACCT0059290,3,,
ACCT0059299,3,,
ACCT0059340,3,,
ACCT0059363,2,,
ACCT0059388,2,,
ACCT0059399,2,,
ACCT0059400,2,,
ACCT0059426,1,,
ACCT0059427,2,,
ACCT0059448,3,,
ACCT0059502,1,,
ACCT0059505,2,,
ACCT0059531,1,,
ACCT0059567,2,,
ACCT0059613,1,,
ACCT0059680,2,,
ACCT0059957,2,,
ACCT0060113,2,,
ACCT0060241,1,,
ACCT0064023,3,,
ACCT0064053,1,,
ACCT0064091,3,,
ACCT0064095,2,,
ACCT0064113,3,,
ACCT0064143,2,,
ACCT0064172,1,,
ACCT0064173,3,,
ACCT0064248,1,,
ACCT0064282,2,,
ACCT0064317,1,,
ACCT0064329,2,,
ACCT0064338,3,,
ACCT0064409,3,,
ACCT0064419,1,,
ACCT0064424,1,,
ACCT0064429,2,,
ACCT0064448,3,,
ACCT0064512,3,,
ACCT0064534,3,,
ACCT0064536,3,,
ACCT0064555,1,,
ACCT0064589,2,,
ACCT0064600,2,,
ACCT0064618,1,,
ACCT0064647,1,,
ACCT0064654,2,,
ACCT0064676,1,,
ACCT0064677,2,,
ACCT0064710,1,,
ACCT0064731,2,,
ACCT0064743,1,,
ACCT0064753,1,,
ACCT0064769,1,,
ACCT0064780,3,,
ACCT0064813,2,,
ACCT0064819,2,,
ACCT0064825,1,,
ACCT0064846,3,,
ACCT0064851,3,,
ACCT0064867,2,,
ACCT0064915,2,,
ACCT0064986,2,,
ACCT0065022,2,,
ACCT0065028,1,,
ACCT0065032,2,,
ACCT0065075,2,,
ACCT0065088,1,,
ACCT0065103,1,,
ACCT0065112,3,,
ACCT0065113,2,,
ACCT0065123,2,,
ACCT0065126,3,,
ACCT0065127,3,,
ACCT0065212,1,,
ACCT0065254,2,,
ACCT0065285,2,,
ACCT0065392,1,,
ACCT0065412,3,,
ACCT0065457,1,,
ACCT0065539,2,,
ACCT0065544,1,,
ACCT0065573,1,,
ACCT0065581,2,,
ACCT0065614,2,,
ACCT0065616,2,,
ACCT0065670,2,,
ACCT0065688,3,,
ACCT0065697,1,,
ACCT0065698,2,,
ACCT0065706,1,,
ACCT0065707,2,,
ACCT0065710,3,,
ACCT0065730,2,,
ACCT0065739,2,,
ACCT0065828,3,,
ACCT0065841,2,,
ACCT0065877,3,,
ACCT0065908,2,,
ACCT0065911,3,,
ACCT0065931,1,,
ACCT0065953,2,,
ACCT0066101,1,,
ACCT0066144,1,,
ACCT0066147,3,,
ACCT0066199,2,,
ACCT0066211,1,,
ACCT0066232,2,,
ACCT0066234,2,,
ACCT0066272,2,,
ACCT0066292,3,,
ACCT0066310,2,,
ACCT0066396,1,,
ACCT0066408,2,,
ACCT0066428,3,,
ACCT0066432,3,,
ACCT0066452,3,,
ACCT0066480,2,,
ACCT0066493,2,,
ACCT0066494,1,,
ACCT0066500,2,,
ACCT0066508,1,,
ACCT0066545,3,,
ACCT0066577,1,,
ACCT0066599,1,,
ACCT0066615,3,,
ACCT0066637,2,,
ACCT0066645,1,,
ACCT0066666,2,,
ACCT0066694,2,,
ACCT0066708,2,,
ACCT0066751,2,,
ACCT0066759,1,,
ACCT0066818,2,,
ACCT0066825,3,,
ACCT0066838,1,,
ACCT0066852,1,,
ACCT0066896,2,,
ACCT0066915,2,,
ACCT0066953,2,,
ACCT0066968,1,,
ACCT0067003,3,,
ACCT0067092,3,,
ACCT0067158,2,,
ACCT0067219,3,,
ACCT0067228,2,,
ACCT0067235,2,,
ACCT0067285,1,,
ACCT0067315,2,,
ACCT0067323,2,,
ACCT0067324,1,,
ACCT0067354,2,,
ACCT0067390,2,,
ACCT0067443,2,,
ACCT0067448,1.00E+00,,
ACCT0067455,2,,
ACCT0067489,2,,
ACCT0067519,2,,
ACCT0067547,1,,
ACCT0067599,2,,
ACCT0067633,1,,
ACCT0067640,1,,
ACCT0067644,2,,
ACCT0067659,2,,
ACCT0067668,2,,
ACCT0067688,2,,
ACCT0067711,3,,
ACCT0067720,2,,
ACCT0067787,1,,
ACCT0067814,2,,
ACCT0067866,2,,
ACCT0067998,2,,
ACCT0068007,2,,
ACCT0068011,1,,
ACCT0068017,1,,
ACCT0068036,3,,
ACCT0068041,2,,
ACCT0068045,2,,
ACCT0068047,2,,
ACCT0068062,3,,
ACCT0068073,2,,
ACCT0068081,3,,
ACCT0068221,3,,
ACCT0068250,1,,
ACCT0068295,2,,
ACCT0068300,3,,
ACCT0068342,1,,
ACCT0068371,2,,
ACCT0068455,1,,
ACCT0068457,1,,
ACCT0068472,1,,
ACCT0068500,2,,
ACCT0068505,3,,
ACCT0068548,2,,
ACCT0068645,3,,
ACCT0068692,1,,
ACCT0068693,2,,
ACCT0068784,3,,
ACCT0068812,2,,
ACCT0068856,2,,
ACCT0068874,2,,
ACCT0068885,2,,
ACCT0068887,2,,
ACCT0068946,3,,
ACCT0068949,1,,
ACCT0068955,1,,
ACCT0069053,1,,
ACCT0069069,1,,
ACCT0069106,2,,
ACCT0069133,1,,
ACCT0069163,1,,
ACCT0069269,2,,
ACCT0069309,2,,
ACCT0069420,2,,
ACCT0069424,2,,
ACCT0069490,2,,
ACCT0069583,3,,
ACCT0069589,2,,
ACCT0069664,3,,
ACCT0069668,2,,
ACCT0069675,1,,
ACCT0069864,2,,
ACCT0069870,1,,
ACCT0070307,2,,
ACCT0070383,2,,
ACCT0070385,3,,
ACCT0070511,1,,
ACCT0070584,2,,
ACCT0070600,2,,
ACCT0070701,3,,
ACCT0070740,3,,
ACCT0070752,1,,
ACCT0070754,1,,
ACCT0070901,2,,
ACCT0070970,2,,
ACCT0071067,1,,
ACCT0071070,1,,
ACCT0071108,1,,
ACCT0071130,1,,
ACCT0071192,2,,
ACCT0071220,1,,
ACCT0071328,2,,
ACCT0071400,2.00E+00,,
ACCT0071463,2,,
ACCT0071576,3,,
ACCT0071617,1,,
ACCT0071626,2,,
ACCT0071629,3,,
ACCT0071635,2,,
ACCT0071725,2,,
ACCT0071761,1,,
ACCT0071764,2,,
ACCT0071809,1,,
ACCT0071832,3,,
ACCT0071894,2,,
ACCT0071941,1,,
ACCT0072086,1,,
ACCT0072091,2,,
ACCT0072192,1,,
ACCT0072298,3,,
ACCT0072320,1,,
ACCT0072345,1,,
ACCT0072428,2,,
ACCT0072513,3,,
ACCT0072521,2,,
ACCT0072557,3,,
ACCT0072583,2,,
ACCT0072585,1,,
ACCT0072614,2,,
ACCT0072763,2,,
ACCT0073001,2,,
ACCT0073039,2,,
ACCT0073207,1,,
ACCT0073287,1,,
ACCT0073581,2,,
ACCT0073604,2,,
ACCT0073701,2,,
ACCT0074006,1,,
ACCT0074154,2,,
ACCT0074166,2,,
ACCT0074291,2,,
ACCT0074358,2,,
ACCT0074455,2,,
ACCT0074538,2,,
ACCT0074591,3,,
ACCT0074659,3,,
ACCT0074817,1,,
ACCT0074820,1,,
ACCT0074922,3,,
ACCT0074944,2,,
ACCT0075005,1,,
ACCT0075133,1,,
ACCT0075261,2,,
ACCT0075309,2,,
ACCT0075762,2,,
ACCT0075781,3,,
ACCT0075848,2,,
ACCT0075862,2,,
ACCT0075902,3,,
ACCT0076085,1,,
ACCT0076092,1,,
ACCT0076238,1,,
ACCT0076265,1,,
ACCT0076301,2,,
ACCT0076345,1,,
ACCT0076366,1,,
ACCT0076590,2,,
ACCT0076622,2,,
ACCT0076744,3,,
ACCT0076903,1,,
ACCT0076973,3,,
ACCT0076981,1,,
ACCT0077617,3,,
ACCT0077830,2,,
ACCT0078498,1,,
ACCT0079312,3,,
ACCT0079408,2,,
ACCT0080144,1,,
ACCT0080598,2,,
